00000
00001
00004
00011
00012
00014
00015
00016
00018
00020
00021
00024
00025
00026
00027
00028
00030
00031
00035
00036
00037
00038
00039
00040
00041
00042
00044
00046
00047
00048
00049
00051
00052
00053
00054
00055
00058
00061
00063
00065
00066
00069
00071
00076
00077
00078
00079
00080
00082
00083
00084
00087
00088
00090
00094
00096
00097
00100
00103
00106
00107
00109
00111
00112
00113
00114
00115
00117
00118
00123
00125
00126
00127
00129
00131
00132
00134
00135
00136
00137
00138
00140
00141
00142
00145
00146
00147
00149
00150
00153
00156
00157
00158
00162
00163
00164
00165
00168
00171
00172
00173
00174
00175
00177
00178
00180
00182
00184
00186
00189
00190
00191
00195
00196
00197
00199
00200
00202
00203
00204
00205
00206
00207
00208
00209
00210
00211
00212
00213
00215
00216
00217
00218
00219
00221
00222
00223
00227
00229
00230
00231
00232
00235
00236
00237
00239
00241
00242
00243
00247
00248
00249
00250
00251
00253
00256
00257
00260
00262
00265
00266
00268
00270
00273
00274
00275
00276
00278
00279
00282
00283
00284
00286
00289
00291
00292
00295
00300
00301
00304
00306
00308
00309
00312
00313
00314
00315
00316
00317
00318
00319
00320
00321
00324
00325
00326
00329
00330
00331
00332
00333
00334
00335
00336
00337
00338
00340
00341
00342
00343
00345
00346
00347
00348
00349
00351
00355
00356
00357
00359
00363
00365
00370
00371
00375
00377
00379
00382
00388
00389
00390
00392
00393
00394
00395
00401
00402
00404
00407
00408
00409
00410
00411
00412
00416
00420
00428
00431
00433
00437
00438
00440
00445
00446
00447
00448
00452
00453
00458
00462
00463
00468
00469
00470
00473
00475
00476
00477
00478
00481
00483
00487
00488
00491
00492
00493
00494
00498
00499
00503
00508
00510
00514
00515
00516
00517
00521
00522
00523
00524
00525
00529
00531
00533
00535
00536
00539
00541
00543
00544
00545
00547
00550
00551
00553
00554
00557
00558
00562
00574
00575
00579
00587
00588
00589
00594
00596
00600
00606
00607
00610
00611
00612
00613
00619
00620
00623
00624
00626
00629
00631
00633
00635
00637
00644
00645
00650
00654
00655
00656
00658
00659
00661
00663
00664
00668
00669
00670
00674
00675
00678
00679
00683
00684
00685
00686
00688
00690
00692
00694
00697
00698
00699
00700
00703
00705
00708
00709
00710
00712
00713
00715
00717
00720
00722
00728
00730
00732
00734
00738
00740
00745
00748
00750
00755
00756
00757
00760
00761
00765
00766
00767
00768
00770
00771
00773
00774
00778
00779
00780
00781
00785
00786
00793
00796
00798
00800
00801
00804
00805
00806
00808
00809
00810
00811
00814
00817
00819
00821
00822
00825
00828
00831
00832
00833
00834
00835
00839
00840
00843
00845
00851
00852
00853
00856
00857
00861
00864
00865
00866
00867
00868
00872
00874
00875
00881
00885
00886
00887
00890
00891
00894
00901
00903
00904
00907
00909
00912
00914
00918
00919
00921
00922
00926
00928
00929
00930
00931
00932
00933
00934
00935
00941
00942
00945
00949
00950
00956
00957
00960
00961
00962
00965
00966
00967
00969
00972
00973
00975
00977
00978
00980
00981
00982
00983
00986
00987
00988
00990
00994
00997
01000
01005
01013
01015
01017
01018
01020
01021
01022
01023
01025
01038
01049
01053
01055
01057
01074
01092
01109
01119
01125
01130
01145
01172
01201
01247
01251
01300
01302
01303
01304
01340
01356
01358
01363
01364
01367
01369
01370
01371
01372
01374
01375
01376
01378
01381
01384
01385
01388
01393
01394
01397
01398
01399
01402
01403
01408
01409
01410
01411
01412
01413
01415
01416
01417
01418
01419
01420
01425
01426
01427
01428
01430
01433
01434
01435
01437
01443
01444
01445
01447
01448
01449
01456
01457
01458
01460
01462
01463
01464
01465
01466
01468
01470
01473
01476
01477
01478
01479
01480
01481
01483
01484
01485
01489
01491
01495
01496
01497
01498
01504
01505
01506
01507
01508
01510
01552
01748
01749
01752
02000
02001
02002
02003
02006
02007
02008
02010
02011
02012
02013
02014
02015
02016
02017
02020
02022
02025
02026
02030
02033
02034
02035
02039
02041
02042
02043
02044
02045
02047
02048
02050
02053
02055
02058
02059
02061
02062
02063
02064
02065
02067
02068
02071
02072
02075
02076
02077
02079
02082
02083
02084
02085
02086
02087
02088
02089
02090
02091
02092
02093
02099
02101
02102
02103
02108
02109
02112
02113
02114
02118
02120
02121
02122
02124
02126
02127
02131
02132
02134
02135
02137
02138
02139
02142
02144
02146
02147
02148
02149
02150
02152
02153
02154
02157
02158
02160
02161
02163
02165
02168
02169
02171
02174
02175
02176
02177
02178
02181
02182
02183
02185
02187
02189
02190
02191
02192
02193
02194
02195
02197
02198
02199
02200
02201
02205
02207
02208
02210
02211
02212
02213
02214
02218
02221
02222
02223
02225
02226
02227
02228
02229
02231
02232
02233
02237
02238
02239
02243
02247
02248
02252
02253
02256
02257
02259
02260
02262
02264
02265
02266
02267
02269
02270
02274
02277
02279
02280
02281
02282
02283
02284
02285
02288
02289
02290
02291
02292
02294
02296
02298
02299
02301
02310
02311
02312
02316
02318
02321
02322
02323
02325
02327
02329
02330
02331
02332
02334
02335
02337
02339
02340
02341
02342
02345
02346
02347
02349
02350
02351
02354
02359
02360
02362
02363
02364
02365
02366
02367
02371
02372
02373
02377
02380
02381
02382
02385
02386
02387
02391
02392
02393
02394
02397
02399
02400
02401
02402
02403
02405
02410
02411
02413
02414
02415
02416
02418
02419
02420
02422
02424
02425
02427
02429
02432
02434
02435
02436
02438
02439
02440
02444
02445
02446
02447
02449
02451
02454
02455
02456
02459
02460
02462
02465
02466
02470
02472
02477
02478
02479
02480
02483
02486
02487
02488
02490
02491
02493
02494
02496
02497
02498
02501
02503
02505
02506
02510
02512
02514
02515
02516
02518
02519
02521
02523
02525
02526
02528
02530
02532
02536
02537
02538
02540
02541
02542
02544
02546
02547
02549
02551
02553
02555
02556
02560
02562
02563
02564
02568
02569
02570
02571
02572
02574
02575
02576
02580
02582
02585
02586
02587
02589
02590
02591
02593
02597
02600
02603
02604
02607
02610
02611
02614
02615
02616
02619
02620
02622
02623
02624
02625
02629
02630
02632
02633
02635
02639
02641
02643
02645
02647
02649
02652
02653
02655
02657
02659
02660
02661
02662
02663
02666
02667
02668
02669
02670
02674
02676
02677
02678
02682
02683
02690
02692
02694
02695
02696
02697
02702
02703
02704
02706
02708
02711
02714
02715
02718
02719
02721
02722
02723
02725
02726
02730
02731
02733
02734
02736
02737
02738
02740
02742
02743
02745
02748
02749
02750
02751
02753
02754
02756
02757
02758
02762
02763
02764
02766
02768
02770
02771
02773
02774
02777
02782
02784
02786
02787
02789
02790
02792
02794
02797
02798
02799
02800
02801
02802
02804
02805
02806
02807
02809
02810
02812
02815
02816
02826
02829
02832
02833
02835
02836
02839
02840
02843
02845
02849
02851
02852
02853
02854
02856
02858
02859
02861
02862
02868
02869
02870
02871
02875
02876
02881
02882
02883
02885
02887
02888
02889
02894
02896
02897
02899
02903
02908
02909
02911
02912
02914
02916
02917
02918
02919
05000
05005
05006
05007
05009
05010
05011
05012
05016
05018
05019
05020
05022
05023
05024
05025
05026
05029
05032
05035
05036
05038
05041
05048
05049
05053
05054
05056
05058
05061
05062
05064
05065
05067
05068
05069
05071
05072
05073
05074
05075
05076
05077
05079
05080
05082
05083
05084
05085
05086
05090
05091
05092
05095
05096
05097
05099
05100
05103
05107
05110
05112
05113
05114
05116
05117
05118
05119
05121
05122
05123
05126
05127
05130
05131
05135
05136
05137
05138
05140
05141
05142
05143
05145
05146
05147
05148
05149
05150
05151
05154
05157
05158
05159
05162
05163
05166
05167
05168
05169
05170
05171
05172
05176
05178
05179
05180
05183
05184
05185
05186
05188
05189
05190
05193
05194
05195
05197
05198
05199
05200
05202
05203
05205
05211
05212
05213
05215
05216
05218
05220
05222
05225
05226
05227
05228
05229
05230
05233
05235
05236
05237
05239
05240
05241
05243
05245
05246
05249
05250
05251
05253
05255
05256
05259
05260
05263
05265
05267
05269
05270
05271
05272
05273
05274
05275
05278
05279
05282
05283
05285
05286
05287
05290
05292
05294
05295
05296
05297
05298
05300
05301
05304
05305
05306
05308
05309
05311
05312
05313
05314
05315
05316
05317
05318
05319
05320
05321
05323
05325
05327
05328
05329
05331
05332
05334
05335
05336
05337
05338
05339
05340
05341
05342
05345
05346
05349
05350
05351
05353
05354
05357
05361
05362
05363
05365
05367
05369
05370
05371
05374
05376
05377
05379
05380
05381
05382
05386
05387
05388
05391
05392
05393
05394
05395
05397
05399
05400
05402
05403
05405
05406
05408
05409
05411
05413
05414
05416
05418
05419
05420
05422
05423
05424
05425
05427
05428
05435
05438
05439
05441
05442
05444
05445
05448
05449
05450
05451
05452
05453
05454
05455
05456
05457
05459
05460
05462
05463
05466
05467
05468
05469
05470
05472
05475
05477
05479
05481
05483
05484
05485
05488
05489
05490
05491
05494
05496
05497
05499
05500
05501
05502
05503
05505
05506
05507
05508
05509
05510
05512
05515
05516
05517
05520
05521
05522
05525
05526
05527
05528
05529
05531
05532
05533
05534
05535
05537
05539
05540
05541
05542
05544
05546
05548
05549
05550
05552
05554
05555
05557
05559
05561
05562
05563
05564
05566
05568
05569
05570
05571
05572
05573
05574
05575
05576
05577
05578
05580
05581
05582
05583
05584
05585
05586
05587
05588
05589
05592
05593
05595
05596
05597
05598
05599
05601
05604
05605
05606
05607
05608
05612
05613
05615
05617
05618
05619
05620
05621
05623
05625
05626
05628
05630
05631
05632
05635
05636
05637
05643
05647
05649
05651
05653
05655
05656
05661
05662
05663
05664
05668
05672
05673
05679
05680
05682
05684
05687
05688
05689
05691
05692
05693
05694
05697
05699
05700
05702
05704
05705
05706
05707
05708
05709
05710
05712
05713
05714
05716
05717
05719
05721
05722
05724
05726
05727
05728
05730
05732
05733
05734
05736
05737
05739
05740
05743
05744
05745
05746
05747
05749
05750
05751
05752
05754
05755
05757
05760
05761
05762
05764
05766
05768
05770
05771
05772
05774
05776
05777
05782
05783
05784
05785
05787
05788
05789
05791
05793
05795
05796
05797
08000
08001
08002
08003
08004
08005
08007
08008
08009
08010
08011
08012
08013
08014
08015
08018
08019
08021
08022
08025
08027
08028
08029
08030
08031
08032
08033
08035
08036
08037
08038
08039
08040
08043
08044
08045
08046
08047
08048
08050
08053
08054
08055
08056
08058
08059
08060
08061
08062
08063
08064
08065
08067
08069
08070
08071
08072
08073
08074
08076
08078
08080
08081
08082
08083
08085
08086
08087
08088
08089
08090
08091
08092
08094
08095
08096
08097
08098
08099
08101
08102
08103
08105
08107
08108
08109
08110
08111
08112
08113
08114
08116
08117
08120
08122
08125
08127
08128
08129
08130
08131
08134
08135
08137
08138
08139
08141
08142
08143
08144
08145
08150
08151
08152
08154
08155
08158
08159
08161
08163
08164
08165
08166
08167
08169
08171
08172
08173
08174
08175
08176
08178
08179
08180
08181
08182
08183
08184
08185
08187
08188
08189
08190
08192
08193
08194
08197
08199
08200
08202
08203
08204
08205
08206
08207
08209
08210
08211
08213
08214
08216
08217
08218
08219
08220
08221
08222
08223
08224
08225
08226
08227
08228
08229
08232
08233
08234
08235
08236
08238
08239
08240
08241
08242
08243
08244
08246
08247
08248
08249
08250
08252
08253
08254
08255
08256
08257
08259
08262
08264
08265
08266
08267
08268
08269
08270
08271
